-2 -2 -2 -2 -2 -2 -2 -2 -2 -2 -2 -2 -2 -2 -2 -2
-4 04 -2 -2 -2 07 02 09 -2 -2 07 02 02 02 09 -4
-4 13 02 12 02 14 -6 08 12 02 14 -5 -6 -5 04 -4
-4 04 -5 04 -6 04 -6 -5 04 -5 04 -6 07 02 14 -4
-4 04 -6 13 02 15 12 02 14 -6 04 -5 04 -5 04 -4
-4 04 -5 04 -5 13 11 20 14 -5 04 -6 04 -6 04 -4
-4 13 02 15 12 03 -5 -6 08 12 11 02 11 12 14 -4
-4 04 -5 08 03 -5 04 -6 -5 04 -6 -5 -6 13 03 -4
-4 04 -6 -5 -6 -5 13 02 02 11 12 02 02 14 -4 -4
-4 13 02 12 12 02 14 -6 -5 -6 04 -5 -6 13 12 -50
-4 04 -6 08 03 -6 08 02 -5 02 11 02 02 11 11 -4
-7 -1 -1 -1 -1 -1 -1 -1 -1 -1 -1 -1 -1 -1 -1 -7