-2 -1 -1 -1 -1 -1 -1 -1 -1 -1 -1 -1 -1 -1 -1 -7
-2 07 02 02 12 02 02 02 02 02 12 02 02 -5 04 -4
-2 04 -2 -2 04 -5 -6 -5 -6 -5 04 -6 -5 -6 04 -4
-2 -2 -2 -2 04 -6 04 -5 04 -6 04 -5 07 02 14 -4
-2 04 -6 02 14 -6 04 -5 08 02 11 02 14 -6 04 -4
-2 04 -5 -6 13 02 15 20 -5 -6 -5 -6 04 -5 04 -4
-2 13 02 02 03 -6 13 11 12 02 02 02 03 -6 04 -4
-2 04 -6 -5 -6 -5 04 -6 04 -5 -6 -5 -6 -5 04 -4
-2 04 -5 07 02 02 03 -5 08 02 02 02 12 02 14 -4
-2 04 -6 04 -5 -6 -5 -6 -5 -6 -5 -6 04 -6 04 -50
-2 04 -5 08 02 02 02 02 02 02 02 02 03 -5 04 -4
-2 -3 -3 -3 -3 -3 -3 -3 -3 -3 -3 -3 -3 -3 -3 -7
